5.000000000000000104e-03 9.520000000000000000e+02
1.499999999999999944e-02 3.330000000000000000e+03
2.500000000000000139e-02 6.431000000000000000e+03
3.500000000000000333e-02 9.930000000000000000e+03
4.499999999999999833e-02 1.316200000000000000e+04
5.500000000000000028e-02 1.657500000000000000e+04
6.500000000000000222e-02 1.972800000000000000e+04
7.500000000000001110e-02 2.378400000000000000e+04
8.499999999999999223e-02 3.211000000000000000e+04
9.500000000000000111e-02 4.492700000000000000e+04
1.050000000000000100e-01 5.811600000000000000e+04
1.149999999999999911e-01 6.805200000000000000e+04
1.250000000000000000e-01 7.354800000000000000e+04
1.350000000000000089e-01 7.915200000000000000e+04
1.450000000000000178e-01 8.997800000000000000e+04
1.549999999999999989e-01 1.020550000000000000e+05
1.650000000000000078e-01 1.180070000000000000e+05
1.749999999999999889e-01 1.358820000000000000e+05
1.849999999999999978e-01 1.501980000000000000e+05
1.950000000000000067e-01 1.612720000000000000e+05
2.050000000000000155e-01 1.701760000000000000e+05
2.149999999999999967e-01 1.820820000000000000e+05
2.250000000000000056e-01 1.973690000000000000e+05
2.349999999999999867e-01 2.173330000000000000e+05
2.449999999999999956e-01 2.363250000000000000e+05
2.550000000000000044e-01 2.480440000000000000e+05
2.650000000000000133e-01 2.544030000000000000e+05
2.750000000000000222e-01 2.669000000000000000e+05
2.850000000000000311e-01 2.661670000000000000e+05
2.949999999999999845e-01 2.611550000000000000e+05
3.049999999999999933e-01 2.604220000000000000e+05
3.150000000000000022e-01 2.564700000000000000e+05
3.250000000000000111e-01 2.573400000000000000e+05
3.350000000000000200e-01 2.593700000000000000e+05
3.450000000000000289e-01 2.692580000000000000e+05
3.549999999999999822e-01 2.851170000000000000e+05
3.649999999999999911e-01 3.066860000000000000e+05
3.750000000000000000e-01 3.310580000000000000e+05
3.850000000000000089e-01 3.578710000000000000e+05
3.950000000000000178e-01 3.886090000000000000e+05
4.050000000000000266e-01 4.225330000000000000e+05
4.150000000000000355e-01 4.470660000000000000e+05
4.249999999999999889e-01 4.123360000000000000e+05
4.349999999999999978e-01 3.430220000000000000e+05
4.450000000000000067e-01 3.217240000000000000e+05
4.550000000000000155e-01 3.258340000000000000e+05
4.650000000000000244e-01 3.341940000000000000e+05
4.749999999999999778e-01 3.527490000000000000e+05
4.849999999999999867e-01 3.616480000000000000e+05
4.949999999999999956e-01 3.608320000000000000e+05
5.050000000000000044e-01 3.625260000000000000e+05
5.150000000000000133e-01 3.658140000000000000e+05
5.250000000000000222e-01 4.001470000000000000e+05
5.350000000000000311e-01 4.454430000000000000e+05
5.450000000000000400e-01 4.632910000000000000e+05
5.550000000000000488e-01 4.740570000000000000e+05
5.650000000000000577e-01 4.782400000000000000e+05
5.749999999999999556e-01 4.743380000000000000e+05
5.849999999999999645e-01 4.603940000000000000e+05
5.949999999999999734e-01 4.371630000000000000e+05
6.049999999999999822e-01 4.179660000000000000e+05
6.149999999999999911e-01 3.996360000000000000e+05
6.250000000000000000e-01 3.835380000000000000e+05
6.350000000000000089e-01 3.726600000000000000e+05
6.450000000000000178e-01 3.701600000000000000e+05
6.550000000000000266e-01 3.763640000000000000e+05
6.650000000000000355e-01 3.818530000000000000e+05
6.750000000000000444e-01 3.912870000000000000e+05
6.850000000000000533e-01 3.967490000000000000e+05
6.950000000000000622e-01 3.922680000000000000e+05
7.050000000000000711e-01 3.754150000000000000e+05
7.149999999999999689e-01 3.562430000000000000e+05
7.249999999999999778e-01 3.406430000000000000e+05
7.349999999999999867e-01 3.265520000000000000e+05
7.449999999999999956e-01 3.136250000000000000e+05
7.550000000000000044e-01 3.026100000000000000e+05
7.650000000000000133e-01 2.908700000000000000e+05
7.750000000000000222e-01 2.814380000000000000e+05
7.850000000000000311e-01 2.691970000000000000e+05
7.950000000000000400e-01 2.587920000000000000e+05
8.050000000000000488e-01 2.474000000000000000e+05
8.150000000000000577e-01 2.350720000000000000e+05
8.250000000000000666e-01 2.253160000000000000e+05
8.349999999999999645e-01 2.187070000000000000e+05
8.449999999999999734e-01 2.144720000000000000e+05
8.549999999999999822e-01 2.111520000000000000e+05
8.649999999999999911e-01 2.042400000000000000e+05
8.750000000000000000e-01 1.954080000000000000e+05
8.850000000000000089e-01 1.879530000000000000e+05
8.950000000000000178e-01 1.816270000000000000e+05
9.050000000000000266e-01 1.792020000000000000e+05
9.150000000000000355e-01 1.800040000000000000e+05
9.250000000000000444e-01 1.811610000000000000e+05
9.350000000000000533e-01 1.789990000000000000e+05
9.450000000000000622e-01 1.690350000000000000e+05
9.550000000000000711e-01 1.522680000000000000e+05
9.649999999999999689e-01 1.368020000000000000e+05
9.749999999999999778e-01 1.267510000000000000e+05
9.849999999999999867e-01 1.226860000000000000e+05
9.949999999999999956e-01 1.229500000000000000e+05
1.004999999999999893e+00 1.217920000000000000e+05
1.015000000000000124e+00 1.197010000000000000e+05
1.024999999999999911e+00 1.147570000000000000e+05
1.035000000000000142e+00 1.092550000000000000e+05
1.044999999999999929e+00 1.021760000000000000e+05
1.055000000000000160e+00 9.593100000000000000e+04
1.064999999999999947e+00 9.208700000000000000e+04
1.075000000000000178e+00 8.791100000000000000e+04
1.084999999999999964e+00 8.485400000000000000e+04
1.095000000000000195e+00 8.240400000000000000e+04
1.104999999999999982e+00 8.041000000000000000e+04
1.115000000000000213e+00 7.860700000000000000e+04
1.125000000000000000e+00 7.666700000000000000e+04
1.135000000000000231e+00 7.592800000000000000e+04
1.145000000000000018e+00 7.576900000000000000e+04
1.155000000000000027e+00 7.501400000000000000e+04
1.165000000000000036e+00 7.301500000000000000e+04
1.174999999999999822e+00 7.216400000000000000e+04
1.185000000000000053e+00 6.938100000000000000e+04
1.194999999999999840e+00 6.753100000000000000e+04
1.205000000000000071e+00 6.824600000000000000e+04
1.214999999999999858e+00 6.597000000000000000e+04
1.225000000000000089e+00 6.019000000000000000e+04
1.234999999999999876e+00 5.249800000000000000e+04
1.245000000000000107e+00 4.545000000000000000e+04
1.254999999999999893e+00 4.008400000000000000e+04
1.265000000000000124e+00 3.521200000000000000e+04
1.274999999999999911e+00 3.123400000000000000e+04
1.285000000000000142e+00 2.689900000000000000e+04
1.294999999999999929e+00 2.226900000000000000e+04
1.305000000000000160e+00 1.932300000000000000e+04
1.314999999999999947e+00 1.713700000000000000e+04
1.325000000000000178e+00 1.575600000000000000e+04
1.334999999999999964e+00 1.478100000000000000e+04
1.345000000000000195e+00 1.383500000000000000e+04
1.354999999999999982e+00 1.304200000000000000e+04
1.365000000000000213e+00 1.242400000000000000e+04
1.375000000000000000e+00 1.194300000000000000e+04
1.385000000000000231e+00 1.116300000000000000e+04
1.395000000000000018e+00 1.082600000000000000e+04
1.405000000000000027e+00 1.027900000000000000e+04
1.415000000000000036e+00 9.999000000000000000e+03
1.424999999999999822e+00 9.424000000000000000e+03
1.435000000000000053e+00 8.979000000000000000e+03
1.444999999999999840e+00 8.616000000000000000e+03
1.455000000000000071e+00 8.497000000000000000e+03
1.464999999999999858e+00 8.317000000000000000e+03
1.475000000000000089e+00 8.192000000000000000e+03
1.484999999999999876e+00 7.915000000000000000e+03
1.495000000000000107e+00 7.828000000000000000e+03
1.504999999999999893e+00 7.541000000000000000e+03
1.515000000000000124e+00 7.372000000000000000e+03
1.524999999999999911e+00 6.982000000000000000e+03
1.535000000000000142e+00 6.675000000000000000e+03
1.544999999999999929e+00 6.319000000000000000e+03
1.555000000000000160e+00 6.013000000000000000e+03
1.564999999999999947e+00 5.792000000000000000e+03
1.575000000000000178e+00 5.731000000000000000e+03
1.584999999999999964e+00 5.383000000000000000e+03
1.595000000000000195e+00 5.264000000000000000e+03
1.604999999999999982e+00 5.175000000000000000e+03
1.615000000000000213e+00 5.115000000000000000e+03
1.625000000000000000e+00 5.029000000000000000e+03
1.635000000000000231e+00 4.991000000000000000e+03
1.645000000000000018e+00 4.923000000000000000e+03
1.655000000000000249e+00 4.908000000000000000e+03
1.665000000000000036e+00 4.817000000000000000e+03
1.674999999999999822e+00 4.737000000000000000e+03
1.685000000000000053e+00 4.768000000000000000e+03
1.694999999999999840e+00 4.566000000000000000e+03
1.705000000000000071e+00 4.271000000000000000e+03
1.714999999999999858e+00 4.237000000000000000e+03
1.725000000000000089e+00 3.803000000000000000e+03
1.734999999999999876e+00 3.898000000000000000e+03
1.745000000000000107e+00 3.456000000000000000e+03
1.754999999999999893e+00 3.455000000000000000e+03
1.765000000000000124e+00 3.323000000000000000e+03
1.774999999999999911e+00 3.243000000000000000e+03
1.785000000000000142e+00 3.226000000000000000e+03
1.794999999999999929e+00 3.079000000000000000e+03
1.805000000000000160e+00 3.026000000000000000e+03
1.814999999999999947e+00 3.108000000000000000e+03
1.825000000000000178e+00 3.046000000000000000e+03
1.834999999999999964e+00 3.024000000000000000e+03
1.845000000000000195e+00 3.057000000000000000e+03
1.854999999999999982e+00 3.054000000000000000e+03
1.865000000000000213e+00 2.976000000000000000e+03
1.875000000000000000e+00 2.875000000000000000e+03
1.885000000000000231e+00 2.741000000000000000e+03
1.895000000000000018e+00 2.886000000000000000e+03
1.905000000000000249e+00 2.882000000000000000e+03
1.915000000000000036e+00 2.693000000000000000e+03
1.924999999999999822e+00 2.814000000000000000e+03
1.935000000000000053e+00 2.882000000000000000e+03
1.944999999999999840e+00 2.831000000000000000e+03
1.955000000000000071e+00 2.792000000000000000e+03
1.964999999999999858e+00 2.730000000000000000e+03
1.975000000000000089e+00 2.672000000000000000e+03
1.984999999999999876e+00 2.654000000000000000e+03
1.995000000000000107e+00 2.532000000000000000e+03
2.004999999999999893e+00 2.342000000000000000e+03
2.015000000000000124e+00 2.328000000000000000e+03
2.025000000000000355e+00 2.272000000000000000e+03
2.035000000000000142e+00 2.227000000000000000e+03
2.044999999999999929e+00 2.249000000000000000e+03
2.054999999999999716e+00 2.214000000000000000e+03
2.064999999999999947e+00 2.046000000000000000e+03
2.075000000000000178e+00 2.176000000000000000e+03
2.084999999999999964e+00 2.151000000000000000e+03
2.094999999999999751e+00 2.124000000000000000e+03
2.104999999999999982e+00 2.093000000000000000e+03
2.115000000000000213e+00 1.918000000000000000e+03
2.125000000000000000e+00 1.875000000000000000e+03
2.134999999999999787e+00 1.936000000000000000e+03
2.145000000000000018e+00 2.034000000000000000e+03
2.155000000000000249e+00 1.911000000000000000e+03
2.165000000000000036e+00 1.862000000000000000e+03
2.174999999999999822e+00 1.763000000000000000e+03
2.185000000000000053e+00 1.846000000000000000e+03
2.195000000000000284e+00 1.757000000000000000e+03
2.205000000000000071e+00 1.769000000000000000e+03
2.214999999999999858e+00 1.662000000000000000e+03
2.225000000000000089e+00 1.547000000000000000e+03
2.235000000000000320e+00 1.492000000000000000e+03
2.245000000000000107e+00 1.469000000000000000e+03
2.254999999999999893e+00 1.413000000000000000e+03
2.265000000000000124e+00 1.396000000000000000e+03
2.275000000000000355e+00 1.431000000000000000e+03
2.285000000000000142e+00 1.470000000000000000e+03
2.294999999999999929e+00 1.342000000000000000e+03
2.305000000000000160e+00 1.384000000000000000e+03
2.314999999999999947e+00 1.384000000000000000e+03
2.325000000000000178e+00 1.289000000000000000e+03
2.334999999999999964e+00 1.246000000000000000e+03
2.344999999999999751e+00 1.330000000000000000e+03
2.354999999999999982e+00 1.305000000000000000e+03
2.365000000000000213e+00 1.310000000000000000e+03
2.375000000000000000e+00 1.228000000000000000e+03
2.384999999999999787e+00 1.256000000000000000e+03
2.395000000000000018e+00 1.285000000000000000e+03
2.405000000000000249e+00 1.179000000000000000e+03
2.415000000000000036e+00 1.177000000000000000e+03
2.424999999999999822e+00 1.194000000000000000e+03
2.435000000000000053e+00 1.164000000000000000e+03
2.445000000000000284e+00 1.099000000000000000e+03
2.455000000000000071e+00 1.110000000000000000e+03
2.464999999999999858e+00 1.056000000000000000e+03
2.475000000000000089e+00 1.089000000000000000e+03
2.485000000000000320e+00 1.111000000000000000e+03
2.495000000000000107e+00 1.012000000000000000e+03
2.504999999999999893e+00 1.069000000000000000e+03
2.515000000000000124e+00 9.820000000000000000e+02
2.525000000000000355e+00 1.007000000000000000e+03
2.535000000000000142e+00 1.002000000000000000e+03
2.544999999999999929e+00 9.370000000000000000e+02
2.555000000000000160e+00 9.530000000000000000e+02
2.564999999999999947e+00 9.740000000000000000e+02
2.575000000000000178e+00 9.330000000000000000e+02
2.584999999999999964e+00 8.800000000000000000e+02
2.594999999999999751e+00 8.650000000000000000e+02
2.604999999999999982e+00 8.680000000000000000e+02
2.615000000000000213e+00 8.330000000000000000e+02
2.625000000000000000e+00 8.060000000000000000e+02
2.634999999999999787e+00 8.080000000000000000e+02
2.645000000000000018e+00 7.900000000000000000e+02
2.655000000000000249e+00 8.450000000000000000e+02
2.665000000000000036e+00 7.770000000000000000e+02
2.674999999999999822e+00 8.040000000000000000e+02
2.685000000000000053e+00 7.810000000000000000e+02
2.695000000000000284e+00 7.780000000000000000e+02
2.705000000000000071e+00 7.530000000000000000e+02
2.714999999999999858e+00 8.130000000000000000e+02
2.725000000000000089e+00 8.080000000000000000e+02
2.735000000000000320e+00 7.730000000000000000e+02
2.745000000000000107e+00 7.480000000000000000e+02
2.754999999999999893e+00 7.080000000000000000e+02
2.765000000000000124e+00 7.510000000000000000e+02
2.775000000000000355e+00 8.060000000000000000e+02
2.785000000000000142e+00 7.590000000000000000e+02
2.794999999999999929e+00 6.970000000000000000e+02
2.805000000000000160e+00 7.850000000000000000e+02
2.814999999999999947e+00 8.020000000000000000e+02
2.825000000000000178e+00 8.220000000000000000e+02
2.834999999999999964e+00 7.760000000000000000e+02
2.844999999999999751e+00 7.870000000000000000e+02
2.854999999999999982e+00 7.480000000000000000e+02
2.865000000000000213e+00 7.560000000000000000e+02
2.875000000000000000e+00 7.660000000000000000e+02
2.884999999999999787e+00 8.480000000000000000e+02
2.895000000000000018e+00 8.140000000000000000e+02
2.905000000000000249e+00 8.330000000000000000e+02
2.915000000000000036e+00 8.040000000000000000e+02
2.924999999999999822e+00 7.820000000000000000e+02
2.935000000000000053e+00 7.440000000000000000e+02
2.945000000000000284e+00 7.620000000000000000e+02
2.955000000000000071e+00 8.090000000000000000e+02
2.964999999999999858e+00 7.240000000000000000e+02
2.975000000000000089e+00 7.480000000000000000e+02
2.985000000000000320e+00 8.000000000000000000e+02
2.995000000000000107e+00 7.750000000000000000e+02
