0.000000000000000000e+00 3.996131327986119210e-05 1.265748722947381211e-05
2.000000000000000000e+00 2.930600537740436315e-05 6.913885659198775507e-06
3.200000000000000178e+00 2.118725700926223950e-05 3.612544850973862571e-06
5.099999999999999645e+00 1.359776785077446818e-05 1.642974807328348267e-06
8.199999999999999289e+00 8.370290188948311530e-06 8.526517923895675426e-07
1.309999999999999964e+01 5.309662029822398233e-06 5.560511318982880022e-07
2.100000000000000000e+01 3.375618582308584465e-06 3.837152041366678304e-07
3.360000000000000142e+01 2.139799438581605548e-06 2.484599327416470742e-07
5.370000000000000284e+01 1.301864105114072786e-06 1.632447341158244680e-07
8.590000000000000568e+01 6.951308654560768098e-07 1.087064850747346631e-07
